NZ_CP095096.1	533332	545828	NZ_JAIEXF010000005.1	46987	34486	96.875
NZ_CP095096.1	529135	533335	NZ_JAIEXF010000005.1	53691	49494	89.745
NZ_CP095096.1	526738	529143	NZ_JAIEXF010000005.1	56686	54283	96.135
NZ_CP095096.1	548162	550128	NZ_JAIEXF010000005.1	32265	30298	96.748
NZ_CP095096.1	522958	524721	NZ_JAIEXF010000005.1	73453	71687	98.189
NZ_CP095096.1	545902	547538	NZ_JAIEXF010000005.1	34534	32899	97.434
NZ_CP095096.1	535535	536590	NZ_JAIEXF010000005.1	43469	42414	74.764
NZ_CP095096.1	536849	537904	NZ_JAIEXF010000005.1	44783	43728	74.858
NZ_CP095096.1	526240	526617	NZ_JAIEXF010000005.1	66991	66614	98.942
NZ_CP095096.1	528422	529140	NZ_JAIEXF010000005.1	68575	67859	79.477
NZ_CP095096.1	535535	536580	NZ_JAIEXF010000005.1	45912	44867	71.604
NZ_CP095096.1	536876	537894	NZ_JAIEXF010000005.1	45884	44867	71.665
NZ_CP095096.1	534406	535451	NZ_JAIEXF010000005.1	43469	42424	71.307
NZ_CP095096.1	534406	535451	NZ_JAIEXF010000005.1	44783	43738	70.766
NZ_CP095096.1	524911	525963	NZ_JAIEXF010000005.1	71436	70390	66.793
NZ_CP095096.1	533330	533558	NZ_JAIEXF010000005.1	47842	47615	77.593
NZ_CP095096.1	533336	533558	NZ_JAIEXF010000005.1	47902	47681	78.07
NZ_CP095096.1	533335	533558	NZ_JAIEXF010000005.1	47641	47419	77.253
NZ_CP095096.1	533336	533558	NZ_JAIEXF010000005.1	47509	47287	76.923
NZ_CP095096.1	533336	533558	NZ_JAIEXF010000005.1	47180	46957	76.856
NZ_CP095096.1	533331	533558	NZ_JAIEXF010000005.1	47449	47221	76.496
NZ_CP095096.1	533336	533558	NZ_JAIEXF010000005.1	47246	47023	76.19
NZ_CP095096.1	533335	533502	NZ_JAIEXF010000005.1	47576	47409	80.925
NZ_CP095096.1	533335	533558	NZ_JAIEXF010000005.1	47772	47550	77.155
NZ_CP095096.1	533335	533558	NZ_JAIEXF010000005.1	47707	47484	76.19
NZ_CP095096.1	533336	533558	NZ_JAIEXF010000005.1	48034	47811	75.0
NZ_CP095096.1	533335	533558	NZ_JAIEXF010000005.1	47049	46825	75.0
NZ_CP095096.1	533335	533558	NZ_JAIEXF010000005.1	47115	46891	74.249
NZ_CP095096.1	533336	533558	NZ_JAIEXF010000005.1	47968	47746	74.783
NZ_CP095096.1	533332	533557	NZ_JAIEXF010000005.1	47316	47090	73.95
NZ_CP095096.1	533336	533558	NZ_JAIEXF010000005.1	47378	47155	72.65
NZ_CP095096.1	533333	533491	NZ_JAIEXF010000005.1	46919	46760	77.64
NZ_CP095096.1	533401	533558	NZ_JAIEXF010000005.1	48034	47877	77.246
NZ_CP095096.1	533336	533425	NZ_JAIEXF010000005.1	46850	46760	81.522
NZ_CP095096.1	533467	533558	NZ_JAIEXF010000005.1	48034	47943	78.723
NZ_CP095096.1	509377	526068	NZ_PZGB01000021.1	53913	37194	84.958
NZ_CP095096.1	538443	545755	NZ_PZGB01000021.1	24959	17655	82.856
NZ_CP095096.1	529205	533335	NZ_PZGB01000021.1	34696	30572	77.553
NZ_CP095096.1	548840	551367	NZ_PZGB01000021.1	15975	13444	81.334
NZ_CP095096.1	535530	538104	NZ_PZGB01000021.1	27820	25247	72.295
NZ_CP095096.1	526890	528364	NZ_PZGB01000021.1	36593	35121	76.538
NZ_CP095096.1	534284	535461	NZ_PZGB01000021.1	27950	26760	79.079
NZ_CP095096.1	545943	547552	NZ_PZGB01000021.1	17612	16011	73.157
NZ_CP095096.1	535567	536590	NZ_PZGB01000021.1	26470	25447	74.781
NZ_CP095096.1	551817	552524	NZ_PZGB01000021.1	12964	12256	79.296
NZ_CP095096.1	536881	537762	NZ_PZGB01000021.1	27783	26902	73.116
NZ_CP095096.1	534439	535451	NZ_PZGB01000021.1	26469	25457	70.097
NZ_CP095096.1	517917	518610	NZ_PZGB01000021.1	44256	43562	73.429
NZ_CP095096.1	519025	519844	NZ_PZGB01000021.1	45390	44571	71.498
NZ_CP095096.1	526240	526618	NZ_PZGB01000021.1	37057	36679	83.113
NZ_CP095096.1	533336	534008	NZ_PZGB01000021.1	28783	28129	66.097
NZ_CP095096.1	533335	533502	NZ_PZGB01000021.1	29047	28880	75.294
NZ_CP095096.1	533401	533558	NZ_PZGB01000021.1	29112	28956	74.074
NZ_CP095096.1	533335	533487	NZ_PZGB01000021.1	28719	28566	72.222
NZ_CP095096.1	533336	533558	NZ_PZGB01000021.1	28981	28758	68.696
NZ_CP095096.1	529218	533335	MPNR01000008.1	30048	25936	78.179
NZ_CP095096.1	533336	533558	MPNR01000008.1	24213	23990	70.0
NZ_CP095096.1	533336	533558	MPNR01000008.1	24279	24056	70.0
NZ_CP095096.1	533336	533496	MPNR01000008.1	24081	23919	71.951
NZ_CP095096.1	533336	533496	MPNR01000008.1	24147	23986	72.121
NZ_CP095096.1	533336	533558	MPNR01000008.1	23815	23592	69.658
NZ_CP095096.1	533336	533558	MPNR01000008.1	23882	23658	68.966
NZ_CP095096.1	533336	533558	MPNR01000008.1	24015	23790	67.782
NZ_CP095096.1	533467	533558	MPNR01000008.1	24476	24386	77.083
NZ_CP095096.1	529218	533335	NZ_JALKNF010000002.1	281459	277347	78.114
NZ_CP095096.1	533336	533496	NZ_JALKNF010000002.1	275623	275464	71.93
NZ_CP095096.1	533335	533427	NZ_JALKNF010000002.1	275559	275467	76.842
NZ_CP095096.1	533336	533496	NZ_JALKNF010000002.1	275887	275726	70.909
NZ_CP095096.1	533336	533427	NZ_JALKNF010000002.1	275821	275729	75.532
NZ_CP095096.1	529359	533335	NZ_JAELVP010000003.1	108380	112357	77.351
NZ_CP095096.1	529237	529327	NZ_JAELVP010000003.1	107705	107795	93.407
NZ_CP095096.1	533336	533581	NZ_JAELVP010000003.1	114479	114723	69.721
NZ_CP095096.1	533333	533558	NZ_JAELVP010000003.1	114144	114372	70.0
NZ_CP095096.1	533335	533496	NZ_JAELVP010000003.1	114740	114903	71.856
NZ_CP095096.1	533336	533556	NZ_JAELVP010000003.1	115137	115359	68.559
NZ_CP095096.1	533336	533558	NZ_JAELVP010000003.1	113949	114172	69.957
NZ_CP095096.1	533336	533496	NZ_JAELVP010000003.1	114611	114770	72.121
NZ_CP095096.1	533336	533558	NZ_JAELVP010000003.1	114940	115162	68.696
NZ_CP095096.1	533335	533558	NZ_JAELVP010000003.1	114544	114766	67.521
NZ_CP095096.1	533336	533558	NZ_JAELVP010000003.1	113817	114040	67.1
NZ_CP095096.1	529237	532617	NZ_JAOPKZ010000017.1	38632	35247	76.169
NZ_CP095096.1	533333	533493	NZ_JAOPKZ010000017.1	34348	34188	71.515
NZ_CP095096.1	533398	533558	NZ_JAOPKZ010000017.1	34348	34189	69.565
NZ_CP095096.1	533401	533558	NZ_JAOPKZ010000017.1	34411	34254	69.375
MPNR01000008.1	23984	30161	NZ_JALKNF010000002.1	275397	281575	92.942
MPNR01000008.1	23390	23883	NZ_JALKNF010000002.1	275397	275888	73.828
MPNR01000008.1	23520	24015	NZ_JALKNF010000002.1	275397	275887	73.218
MPNR01000008.1	23648	24147	NZ_JALKNF010000002.1	275393	275887	72.553
MPNR01000008.1	23582	24081	NZ_JALKNF010000002.1	275393	275887	71.429
MPNR01000008.1	23913	24412	NZ_JALKNF010000002.1	275393	275888	71.619
MPNR01000008.1	23387	23816	NZ_JALKNF010000002.1	275459	275888	73.138
MPNR01000008.1	24046	24476	NZ_JALKNF010000002.1	275393	275821	72.889
MPNR01000008.1	23843	24345	NZ_JALKNF010000002.1	275389	275887	70.802
MPNR01000008.1	23455	23948	NZ_JALKNF010000002.1	275397	275887	70.623
MPNR01000008.1	24112	24476	NZ_JALKNF010000002.1	275393	275755	73.475
MPNR01000008.1	23387	23748	NZ_JALKNF010000002.1	275524	275887	72.973
MPNR01000008.1	23780	24281	NZ_JALKNF010000002.1	275393	275889	70.192
MPNR01000008.1	23384	23683	NZ_JALKNF010000002.1	275586	275887	74.763
MPNR01000008.1	23713	24213	NZ_JALKNF010000002.1	275393	275887	69.349
MPNR01000008.1	24178	24476	NZ_JALKNF010000002.1	275393	275689	73.885
MPNR01000008.1	24244	24476	NZ_JALKNF010000002.1	275393	275623	76.371
MPNR01000008.1	23387	23617	NZ_JALKNF010000002.1	275655	275887	74.468
MPNR01000008.1	23387	23552	NZ_JALKNF010000002.1	275721	275888	74.713
MPNR01000008.1	24307	24476	NZ_JALKNF010000002.1	275390	275558	74.286
MPNR01000008.1	23387	23486	NZ_JALKNF010000002.1	275787	275887	78.431
MPNR01000008.1	24376	24476	NZ_JALKNF010000002.1	275393	275493	75.962
MPNR01000008.1	23387	23421	NZ_JALKNF010000002.1	275853	275887	97.143
MPNR01000008.1	7377	7426	NZ_JALKNF010000002.1	288063	288112	86.0
MPNR01000008.1	24440	24476	NZ_JALKNF010000002.1	275392	275428	91.892
MPNR01000008.1	23387	29928	NZ_JAELVP010000003.1	114908	108365	85.357
MPNR01000008.1	11633	13783	NZ_JAELVP010000003.1	131303	129151	84.401
MPNR01000008.1	31663	33089	NZ_JAELVP010000003.1	115566	116990	83.194
MPNR01000008.1	48444	48989	NZ_JAELVP010000003.1	107217	106672	96.703
MPNR01000008.1	23378	24476	NZ_JAELVP010000003.1	115046	113949	70.48
MPNR01000008.1	23384	24476	NZ_JAELVP010000003.1	115241	114147	70.183
MPNR01000008.1	23384	24476	NZ_JAELVP010000003.1	115174	114081	70.263
MPNR01000008.1	23387	24476	NZ_JAELVP010000003.1	114974	113883	69.861
MPNR01000008.1	23591	24476	NZ_JAELVP010000003.1	115362	114479	71.582
MPNR01000008.1	23387	24412	NZ_JAELVP010000003.1	114842	113816	69.75
MPNR01000008.1	23395	24476	NZ_JAELVP010000003.1	115362	114279	69.755
MPNR01000008.1	23387	24476	NZ_JAELVP010000003.1	115106	114015	69.782
MPNR01000008.1	23387	24476	NZ_JAELVP010000003.1	115304	114213	69.515
MPNR01000008.1	23387	24345	NZ_JAELVP010000003.1	114775	113817	70.695
MPNR01000008.1	23525	24476	NZ_JAELVP010000003.1	115362	114413	69.869
MPNR01000008.1	23657	24476	NZ_JAELVP010000003.1	115362	114545	71.145
MPNR01000008.1	23517	24476	NZ_JAELVP010000003.1	115304	114347	69.522
MPNR01000008.1	23387	24281	NZ_JAELVP010000003.1	114710	113815	68.544
MPNR01000008.1	23387	24015	NZ_JAELVP010000003.1	114447	113817	71.429
MPNR01000008.1	23387	24147	NZ_JAELVP010000003.1	114579	113817	69.089
MPNR01000008.1	23851	24476	NZ_JAELVP010000003.1	115301	114676	71.713
MPNR01000008.1	23387	24213	NZ_JAELVP010000003.1	114645	113817	68.743
MPNR01000008.1	23387	24081	NZ_JAELVP010000003.1	114513	113817	69.505
MPNR01000008.1	23722	24476	NZ_JAELVP010000003.1	115362	114611	69.682
MPNR01000008.1	23856	24476	NZ_JAELVP010000003.1	115362	114741	71.139
MPNR01000008.1	23922	24476	NZ_JAELVP010000003.1	115362	114808	71.354
MPNR01000008.1	29925	30211	NZ_JAELVP010000003.1	107813	107522	77.211
MPNR01000008.1	23387	23883	NZ_JAELVP010000003.1	114313	113816	70.51
MPNR01000008.1	23387	23948	NZ_JAELVP010000003.1	114381	113817	69.282
MPNR01000008.1	23989	24476	NZ_JAELVP010000003.1	115362	114874	70.254
MPNR01000008.1	24121	24476	NZ_JAELVP010000003.1	115362	115006	72.603
MPNR01000008.1	23387	23748	NZ_JAELVP010000003.1	114181	113817	71.762
MPNR01000008.1	23387	23816	NZ_JAELVP010000003.1	114247	113816	70.022
MPNR01000008.1	24055	24476	NZ_JAELVP010000003.1	115362	114940	69.954
MPNR01000008.1	23387	23683	NZ_JAELVP010000003.1	114115	113817	72.368
MPNR01000008.1	24187	24479	NZ_JAELVP010000003.1	115362	115069	70.164
MPNR01000008.1	23387	23617	NZ_JAELVP010000003.1	114049	113817	71.721
MPNR01000008.1	23387	23552	NZ_JAELVP010000003.1	113983	113816	77.193
MPNR01000008.1	24314	24476	NZ_JAELVP010000003.1	115301	115137	75.294
MPNR01000008.1	24319	24476	NZ_JAELVP010000003.1	115362	115204	73.214
MPNR01000008.1	24385	24477	NZ_JAELVP010000003.1	115362	115269	77.66
MPNR01000008.1	30300	30491	NZ_JAELVP010000003.1	115381	115575	69.388
MPNR01000008.1	23387	23486	NZ_JAELVP010000003.1	113917	113817	73.148
MPNR01000008.1	23387	23421	NZ_JAELVP010000003.1	113851	113817	94.286
MPNR01000008.1	23986	30034	NZ_PZGB01000021.1	28623	34666	81.002
MPNR01000008.1	23654	24147	NZ_PZGB01000021.1	28623	29112	68.701
MPNR01000008.1	23392	23748	NZ_PZGB01000021.1	28754	29112	70.43
MPNR01000008.1	23786	24281	NZ_PZGB01000021.1	28623	29114	67.391
MPNR01000008.1	23531	24081	NZ_PZGB01000021.1	28566	29112	66.319
MPNR01000008.1	23588	24015	NZ_PZGB01000021.1	28689	29112	68.0
MPNR01000008.1	23392	23816	NZ_PZGB01000021.1	28689	29113	66.893
MPNR01000008.1	23392	23883	NZ_PZGB01000021.1	28623	29113	65.774
MPNR01000008.1	24118	24477	NZ_PZGB01000021.1	28623	28982	66.929
MPNR01000008.1	23401	23948	NZ_PZGB01000021.1	28566	29112	65.451
MPNR01000008.1	23663	24213	NZ_PZGB01000021.1	28566	29112	65.674
MPNR01000008.1	24052	24476	NZ_PZGB01000021.1	28623	29046	66.059
MPNR01000008.1	23392	23617	NZ_PZGB01000021.1	28886	29112	68.936
MPNR01000008.1	24184	24345	NZ_PZGB01000021.1	28623	28783	72.024
MPNR01000008.1	24184	24345	NZ_PZGB01000021.1	28952	29112	71.341
MPNR01000008.1	26655	30097	NZ_JAOPKZ010000017.1	35247	38697	88.094
MPNR01000008.1	23525	23814	NZ_JAOPKZ010000017.1	34188	34476	74.15
MPNR01000008.1	24055	24344	NZ_JAOPKZ010000017.1	34188	34476	73.737
MPNR01000008.1	23657	23947	NZ_JAOPKZ010000017.1	34188	34476	73.244
MPNR01000008.1	24187	24475	NZ_JAOPKZ010000017.1	34188	34476	73.443
MPNR01000008.1	23789	24080	NZ_JAOPKZ010000017.1	34188	34476	73.841
MPNR01000008.1	23922	24212	NZ_JAOPKZ010000017.1	34188	34476	73.0
MPNR01000008.1	23387	23616	NZ_JAOPKZ010000017.1	34245	34476	74.576
MPNR01000008.1	24121	24410	NZ_JAOPKZ010000017.1	34188	34476	72.727
MPNR01000008.1	23591	23881	NZ_JAOPKZ010000017.1	34188	34476	72.391
MPNR01000008.1	23989	24278	NZ_JAOPKZ010000017.1	34188	34476	72.483
MPNR01000008.1	23395	23682	NZ_JAOPKZ010000017.1	34188	34476	71.667
MPNR01000008.1	23460	23747	NZ_JAOPKZ010000017.1	34188	34476	72.517
MPNR01000008.1	24253	24477	NZ_JAOPKZ010000017.1	34188	34412	73.932
MPNR01000008.1	23722	24014	NZ_JAOPKZ010000017.1	34188	34476	70.957
MPNR01000008.1	23856	24146	NZ_JAOPKZ010000017.1	34188	34476	70.432
MPNR01000008.1	24319	24476	NZ_JAOPKZ010000017.1	34188	34345	74.39
MPNR01000008.1	23387	23485	NZ_JAOPKZ010000017.1	34377	34476	82.178
MPNR01000008.1	23387	23550	NZ_JAOPKZ010000017.1	34311	34476	73.373
MPNR01000008.1	24385	24476	NZ_JAOPKZ010000017.1	34188	34279	78.125
MPNR01000008.1	23387	23420	NZ_JAOPKZ010000017.1	34443	34476	94.118
MPNR01000008.1	24450	24477	NZ_JAOPKZ010000017.1	34188	34215	100.0
MPNR01000008.1	23392	30048	NZ_JAIEXF010000005.1	46953	53607	74.331
MPNR01000008.1	23392	24345	NZ_JAIEXF010000005.1	47085	48034	67.236
MPNR01000008.1	23392	24412	NZ_JAIEXF010000005.1	46887	47903	65.953
MPNR01000008.1	23392	24345	NZ_JAIEXF010000005.1	47019	47968	66.431
MPNR01000008.1	23459	24476	NZ_JAIEXF010000005.1	46823	47836	65.886
MPNR01000008.1	23394	24478	NZ_JAIEXF010000005.1	46823	47904	65.004
MPNR01000008.1	23513	24476	NZ_JAIEXF010000005.1	46745	47706	65.554
MPNR01000008.1	23462	24476	NZ_JAIEXF010000005.1	46760	47771	65.07
MPNR01000008.1	23853	24476	NZ_JAIEXF010000005.1	46887	47509	67.281
MPNR01000008.1	23392	24214	NZ_JAIEXF010000005.1	47151	47969	65.753
MPNR01000008.1	23392	24082	NZ_JAIEXF010000005.1	47283	47969	66.213
MPNR01000008.1	23659	24476	NZ_JAIEXF010000005.1	46760	47575	65.621
MPNR01000008.1	23392	24015	NZ_JAIEXF010000005.1	47415	48034	66.061
MPNR01000008.1	23392	24148	NZ_JAIEXF010000005.1	47217	47969	65.25
MPNR01000008.1	23392	23883	NZ_JAIEXF010000005.1	47546	48035	65.686
MPNR01000008.1	24252	24476	NZ_JAIEXF010000005.1	46823	47048	70.815
MPNR01000008.1	23858	24478	NZ_JAIEXF010000005.1	46760	47380	65.544
MPNR01000008.1	23988	24476	NZ_JAIEXF010000005.1	46823	47312	65.625
MPNR01000008.1	23392	23683	NZ_JAIEXF010000005.1	47742	48034	68.092
MPNR01000008.1	23392	23617	NZ_JAIEXF010000005.1	47807	48034	70.0
MPNR01000008.1	24054	24479	NZ_JAIEXF010000005.1	46823	47249	66.15
MPNR01000008.1	24186	24476	NZ_JAIEXF010000005.1	46823	47114	68.212
MPNR01000008.1	24120	24476	NZ_JAIEXF010000005.1	46823	47180	67.914
MPNR01000008.1	23392	23552	NZ_JAIEXF010000005.1	47873	48035	71.765
NZ_JALKNF010000002.1	275397	281340	NZ_JAELVP010000003.1	114310	108364	87.544
NZ_JALKNF010000002.1	275397	275887	NZ_JAELVP010000003.1	114772	114279	77.273
NZ_JALKNF010000002.1	275397	275887	NZ_JAELVP010000003.1	115037	114545	75.591
NZ_JALKNF010000002.1	275397	275887	NZ_JAELVP010000003.1	114444	113949	74.031
NZ_JALKNF010000002.1	275397	275887	NZ_JAELVP010000003.1	114642	114147	74.359
NZ_JALKNF010000002.1	275397	275887	NZ_JAELVP010000003.1	114971	114479	74.263
NZ_JALKNF010000002.1	275397	275887	NZ_JAELVP010000003.1	114378	113883	74.708
NZ_JALKNF010000002.1	275397	275887	NZ_JAELVP010000003.1	115103	114611	74.51
NZ_JALKNF010000002.1	275397	275887	NZ_JAELVP010000003.1	115235	114741	73.87
NZ_JALKNF010000002.1	275397	275887	NZ_JAELVP010000003.1	114576	114081	74.369
NZ_JALKNF010000002.1	275397	275887	NZ_JAELVP010000003.1	114905	114413	74.803
NZ_JALKNF010000002.1	275397	275887	NZ_JAELVP010000003.1	115301	114808	73.373
NZ_JALKNF010000002.1	275397	275887	NZ_JAELVP010000003.1	114707	114213	72.605
NZ_JALKNF010000002.1	275397	275887	NZ_JAELVP010000003.1	114839	114347	72.125
NZ_JALKNF010000002.1	275466	275887	NZ_JAELVP010000003.1	115363	114940	73.815
NZ_JALKNF010000002.1	275406	275887	NZ_JAELVP010000003.1	115358	114874	73.069
NZ_JALKNF010000002.1	281336	281582	NZ_JAELVP010000003.1	107813	107564	82.8
NZ_JALKNF010000002.1	275397	275821	NZ_JAELVP010000003.1	114244	113817	73.826
NZ_JALKNF010000002.1	275397	275755	NZ_JAELVP010000003.1	114178	113817	76.965
NZ_JALKNF010000002.1	275397	275887	NZ_JAELVP010000003.1	114510	114015	73.242
NZ_JALKNF010000002.1	275397	275887	NZ_JAELVP010000003.1	115168	114676	71.262
NZ_JALKNF010000002.1	275531	275887	NZ_JAELVP010000003.1	115363	115006	73.569
NZ_JALKNF010000002.1	275397	275689	NZ_JAELVP010000003.1	114112	113817	75.806
NZ_JALKNF010000002.1	275654	275890	NZ_JAELVP010000003.1	115305	115069	75.51
NZ_JALKNF010000002.1	275662	275887	NZ_JAELVP010000003.1	115363	115137	74.468
NZ_JALKNF010000002.1	275397	275623	NZ_JAELVP010000003.1	114046	113817	72.689
NZ_JALKNF010000002.1	275728	275887	NZ_JAELVP010000003.1	115363	115204	77.576
NZ_JALKNF010000002.1	275397	275558	NZ_JAELVP010000003.1	113980	113817	77.326
NZ_JALKNF010000002.1	275397	275493	NZ_JAELVP010000003.1	113914	113817	80.198
NZ_JALKNF010000002.1	275794	275888	NZ_JAELVP010000003.1	115363	115269	78.125
NZ_JALKNF010000002.1	275391	275428	NZ_JAELVP010000003.1	113854	113817	92.105
NZ_JALKNF010000002.1	275399	281445	NZ_PZGB01000021.1	28623	34666	81.669
NZ_JALKNF010000002.1	275408	275887	NZ_PZGB01000021.1	28566	29046	70.741
NZ_JALKNF010000002.1	275399	275821	NZ_PZGB01000021.1	28689	29112	70.295
NZ_JALKNF010000002.1	275473	275888	NZ_PZGB01000021.1	28566	28982	69.907
NZ_JALKNF010000002.1	275399	275755	NZ_PZGB01000021.1	28754	29112	70.461
NZ_JALKNF010000002.1	275603	275888	NZ_PZGB01000021.1	28566	28850	71.192
NZ_JALKNF010000002.1	275399	275623	NZ_PZGB01000021.1	28886	29112	72.034
NZ_JALKNF010000002.1	275669	275888	NZ_PZGB01000021.1	28566	28784	71.491
NZ_JALKNF010000002.1	275594	275887	NZ_PZGB01000021.1	28623	28915	68.608
NZ_JALKNF010000002.1	275399	275689	NZ_PZGB01000021.1	28820	29112	69.381
NZ_JALKNF010000002.1	275399	275558	NZ_PZGB01000021.1	28952	29112	73.333
NZ_JALKNF010000002.1	275735	275887	NZ_PZGB01000021.1	28566	28718	74.534
NZ_JALKNF010000002.1	278066	281524	NZ_JAOPKZ010000017.1	35247	38712	87.73
NZ_JALKNF010000002.1	275467	275754	NZ_JAOPKZ010000017.1	34188	34476	76.351
NZ_JALKNF010000002.1	275402	275688	NZ_JAOPKZ010000017.1	34188	34476	74.747
NZ_JALKNF010000002.1	275532	275820	NZ_JAOPKZ010000017.1	34188	34476	73.841
NZ_JALKNF010000002.1	275597	275886	NZ_JAOPKZ010000017.1	34188	34476	71.141
NZ_JALKNF010000002.1	275663	275888	NZ_JAOPKZ010000017.1	34188	34412	73.529
NZ_JALKNF010000002.1	275458	275622	NZ_JAOPKZ010000017.1	34310	34476	78.488
NZ_JALKNF010000002.1	275729	275887	NZ_JAOPKZ010000017.1	34188	34345	77.301
NZ_JALKNF010000002.1	275402	275557	NZ_JAOPKZ010000017.1	34319	34476	73.125
NZ_JALKNF010000002.1	275795	275887	NZ_JAOPKZ010000017.1	34188	34279	78.947
NZ_JALKNF010000002.1	275397	275492	NZ_JAOPKZ010000017.1	34380	34476	77.0
NZ_JALKNF010000002.1	288066	288111	NZ_JAOPKZ010000017.1	51227	51272	91.304
NZ_JALKNF010000002.1	259115	259213	NZ_JAOPKZ010000017.1	33899	34000	72.549
NZ_JALKNF010000002.1	275861	275888	NZ_JAOPKZ010000017.1	34188	34215	100.0
NZ_JALKNF010000002.1	275464	281472	NZ_JAIEXF010000005.1	47611	53620	75.185
NZ_JALKNF010000002.1	275399	275887	NZ_JAIEXF010000005.1	47019	47509	67.181
NZ_JALKNF010000002.1	275464	275821	NZ_JAIEXF010000005.1	47677	48034	68.75
NZ_JALKNF010000002.1	275464	275887	NZ_JAIEXF010000005.1	47546	47968	68.037
NZ_JALKNF010000002.1	275467	275822	NZ_JAIEXF010000005.1	46824	47181	69.919
NZ_JALKNF010000002.1	275464	275887	NZ_JAIEXF010000005.1	47283	47706	67.123
NZ_JALKNF010000002.1	275464	275889	NZ_JAIEXF010000005.1	46953	47380	67.793
NZ_JALKNF010000002.1	275399	275889	NZ_JAIEXF010000005.1	47415	47904	65.825
NZ_JALKNF010000002.1	275469	275887	NZ_JAIEXF010000005.1	46760	47180	66.818
NZ_JALKNF010000002.1	275464	275887	NZ_JAIEXF010000005.1	47151	47575	66.143
NZ_JALKNF010000002.1	275399	275887	NZ_JAIEXF010000005.1	47151	47640	65.571
NZ_JALKNF010000002.1	275464	275755	NZ_JAIEXF010000005.1	47742	48034	67.869
NZ_JALKNF010000002.1	275464	275887	NZ_JAIEXF010000005.1	46887	47312	65.766
NZ_JALKNF010000002.1	275599	275887	NZ_JAIEXF010000005.1	46760	47048	67.657
NZ_JALKNF010000002.1	275729	275888	NZ_JAIEXF010000005.1	46824	46983	70.659
NZ_JALKNF010000002.1	275534	275821	NZ_JAIEXF010000005.1	46760	47048	67.34
NZ_JALKNF010000002.1	275399	275689	NZ_JAIEXF010000005.1	46953	47246	65.19
NZ_JALKNF010000002.1	275464	275887	NZ_JAIEXF010000005.1	47415	47836	65.079
NZ_JAELVP010000003.1	108364	114367	NZ_PZGB01000021.1	34560	28566	80.262
NZ_JAELVP010000003.1	114213	114761	NZ_PZGB01000021.1	29112	28566	69.014
NZ_JAELVP010000003.1	114147	114696	NZ_PZGB01000021.1	29112	28566	68.917
NZ_JAELVP010000003.1	114676	115224	NZ_PZGB01000021.1	29112	28566	69.097
NZ_JAELVP010000003.1	114479	115026	NZ_PZGB01000021.1	29112	28566	69.149
NZ_JAELVP010000003.1	114874	115363	NZ_PZGB01000021.1	29112	28625	69.531
NZ_JAELVP010000003.1	114081	114574	NZ_PZGB01000021.1	29112	28623	68.639
NZ_JAELVP010000003.1	114545	115092	NZ_PZGB01000021.1	29112	28566	67.663
NZ_JAELVP010000003.1	114015	114565	NZ_PZGB01000021.1	29112	28566	68.182
NZ_JAELVP010000003.1	114279	114770	NZ_PZGB01000021.1	29112	28623	68.053
NZ_JAELVP010000003.1	107712	107812	NZ_PZGB01000021.1	34657	34558	91.089
NZ_JAELVP010000003.1	114808	115299	NZ_PZGB01000021.1	29112	28623	68.665
NZ_JAELVP010000003.1	114413	114960	NZ_PZGB01000021.1	29112	28566	67.483
NZ_JAELVP010000003.1	114347	114837	NZ_PZGB01000021.1	29112	28623	68.307
NZ_JAELVP010000003.1	113817	114299	NZ_PZGB01000021.1	29046	28566	68.102
NZ_JAELVP010000003.1	114611	115035	NZ_PZGB01000021.1	29112	28689	68.409
NZ_JAELVP010000003.1	113816	114233	NZ_PZGB01000021.1	28982	28566	67.58
NZ_JAELVP010000003.1	113949	114499	NZ_PZGB01000021.1	29112	28566	66.781
NZ_JAELVP010000003.1	113816	114044	NZ_PZGB01000021.1	28850	28623	71.308
NZ_JAELVP010000003.1	113817	114110	NZ_PZGB01000021.1	28915	28623	68.506
NZ_JAELVP010000003.1	115006	115363	NZ_PZGB01000021.1	29112	28756	67.733
NZ_JAELVP010000003.1	115137	115299	NZ_PZGB01000021.1	29112	28952	74.699
NZ_JAELVP010000003.1	114940	115101	NZ_PZGB01000021.1	29112	28952	73.333
NZ_JAELVP010000003.1	113816	114035	NZ_PZGB01000021.1	28784	28566	70.435
NZ_JAELVP010000003.1	115069	115233	NZ_PZGB01000021.1	29115	28952	73.099
NZ_JAELVP010000003.1	115204	115363	NZ_PZGB01000021.1	29112	28954	72.05
NZ_JAELVP010000003.1	115204	115299	NZ_PZGB01000021.1	28849	28754	76.531
NZ_JAELVP010000003.1	115269	115299	NZ_PZGB01000021.1	29113	29083	96.774
NZ_JAELVP010000003.1	108366	111638	NZ_JAOPKZ010000017.1	38519	35247	85.426
NZ_JAELVP010000003.1	114677	114973	NZ_JAOPKZ010000017.1	34476	34180	74.342
NZ_JAELVP010000003.1	115007	115306	NZ_JAOPKZ010000017.1	34476	34177	72.381
NZ_JAELVP010000003.1	114941	115237	NZ_JAOPKZ010000017.1	34476	34180	72.964
NZ_JAELVP010000003.1	113884	114180	NZ_JAOPKZ010000017.1	34476	34180	71.474
NZ_JAELVP010000003.1	107622	107795	NZ_JAOPKZ010000017.1	38714	38534	76.923
NZ_JAELVP010000003.1	114414	114709	NZ_JAOPKZ010000017.1	34476	34180	71.935
NZ_JAELVP010000003.1	113818	114114	NZ_JAOPKZ010000017.1	34476	34180	72.492
NZ_JAELVP010000003.1	114348	114647	NZ_JAOPKZ010000017.1	34476	34177	71.111
NZ_JAELVP010000003.1	114546	114841	NZ_JAOPKZ010000017.1	34476	34180	72.403
NZ_JAELVP010000003.1	114940	115170	NZ_JAOPKZ010000017.1	34411	34180	74.895
NZ_JAELVP010000003.1	114082	114380	NZ_JAOPKZ010000017.1	34476	34180	71.656
NZ_JAELVP010000003.1	114612	114907	NZ_JAOPKZ010000017.1	34476	34180	71.845
NZ_JAELVP010000003.1	113816	114048	NZ_JAOPKZ010000017.1	34412	34180	74.059
NZ_JAELVP010000003.1	114214	114512	NZ_JAOPKZ010000017.1	34476	34180	70.323
NZ_JAELVP010000003.1	114742	115039	NZ_JAOPKZ010000017.1	34476	34180	71.154
NZ_JAELVP010000003.1	114809	115105	NZ_JAOPKZ010000017.1	34476	34180	70.219
NZ_JAELVP010000003.1	114480	114774	NZ_JAOPKZ010000017.1	34476	34180	71.975
NZ_JAELVP010000003.1	114016	114312	NZ_JAOPKZ010000017.1	34476	34180	70.513
NZ_JAELVP010000003.1	114280	114581	NZ_JAOPKZ010000017.1	34476	34177	70.794
NZ_JAELVP010000003.1	114148	114446	NZ_JAOPKZ010000017.1	34476	34180	70.978
NZ_JAELVP010000003.1	113950	114246	NZ_JAOPKZ010000017.1	34476	34180	68.889
NZ_JAELVP010000003.1	115138	115362	NZ_JAOPKZ010000017.1	34476	34253	71.008
NZ_JAELVP010000003.1	115137	115362	NZ_JAOPKZ010000017.1	34411	34188	71.186
NZ_JAELVP010000003.1	115205	115362	NZ_JAOPKZ010000017.1	34476	34319	73.292
NZ_JAELVP010000003.1	113817	113986	NZ_JAOPKZ010000017.1	34345	34176	70.95
NZ_JAELVP010000003.1	113817	113916	NZ_JAOPKZ010000017.1	34279	34180	76.19
NZ_JAELVP010000003.1	113816	113850	NZ_JAOPKZ010000017.1	34215	34180	94.444
NZ_JAELVP010000003.1	108401	115096	NZ_JAIEXF010000005.1	53444	46760	73.2
NZ_JAELVP010000003.1	113817	114966	NZ_JAIEXF010000005.1	47968	46824	66.445
NZ_JAELVP010000003.1	114279	115362	NZ_JAIEXF010000005.1	48034	46956	66.046
NZ_JAELVP010000003.1	113817	114898	NZ_JAIEXF010000005.1	47836	46760	65.78
NZ_JAELVP010000003.1	113882	114964	NZ_JAIEXF010000005.1	47837	46760	65.432
NZ_JAELVP010000003.1	113949	115163	NZ_JAIEXF010000005.1	48034	46824	65.339
NZ_JAELVP010000003.1	113817	114505	NZ_JAIEXF010000005.1	47509	46824	66.994
NZ_JAELVP010000003.1	107708	107797	NZ_JAIEXF010000005.1	53585	53496	93.333
NZ_JAELVP010000003.1	114347	115362	NZ_JAIEXF010000005.1	48034	47022	65.019
NZ_JAELVP010000003.1	114213	115362	NZ_JAIEXF010000005.1	48034	46890	64.548
NZ_JAELVP010000003.1	114413	115101	NZ_JAIEXF010000005.1	48034	47349	66.667
NZ_JAELVP010000003.1	114213	115362	NZ_JAIEXF010000005.1	47968	46824	64.711
NZ_JAELVP010000003.1	114213	115296	NZ_JAIEXF010000005.1	47902	46824	64.889
NZ_JAELVP010000003.1	113815	114437	NZ_JAIEXF010000005.1	47380	46760	67.287
NZ_JAELVP010000003.1	113817	114765	NZ_JAIEXF010000005.1	47706	46760	65.265
NZ_JAELVP010000003.1	114015	115098	NZ_JAIEXF010000005.1	47902	46824	64.908
NZ_JAELVP010000003.1	113817	114723	NZ_JAIEXF010000005.1	47640	46736	65.481
NZ_JAELVP010000003.1	113817	114571	NZ_JAIEXF010000005.1	47575	46824	66.751
NZ_JAELVP010000003.1	114212	115230	NZ_JAIEXF010000005.1	47837	46824	64.832
NZ_JAELVP010000003.1	113814	114303	NZ_JAIEXF010000005.1	47249	46760	66.926
NZ_JAELVP010000003.1	114545	115299	NZ_JAIEXF010000005.1	47968	47217	65.025
NZ_JAELVP010000003.1	114545	115101	NZ_JAIEXF010000005.1	48034	47480	66.667
NZ_JAELVP010000003.1	113883	114242	NZ_JAIEXF010000005.1	47246	46887	68.966
NZ_JAELVP010000003.1	115006	115362	NZ_JAIEXF010000005.1	48034	47680	67.46
NZ_JAELVP010000003.1	113883	114832	NZ_JAIEXF010000005.1	47706	46760	64.164
NZ_JAELVP010000003.1	114808	115299	NZ_JAIEXF010000005.1	47968	47480	66.272
NZ_JAELVP010000003.1	113883	114107	NZ_JAIEXF010000005.1	47048	46824	70.339
NZ_JAELVP010000003.1	114939	115299	NZ_JAIEXF010000005.1	47969	47611	66.213
NZ_JAELVP010000003.1	113817	114041	NZ_JAIEXF010000005.1	47048	46824	69.068
NZ_JAELVP010000003.1	113883	114376	NZ_JAIEXF010000005.1	47378	46887	65.558
NZ_JAELVP010000003.1	114676	115166	NZ_JAIEXF010000005.1	48034	47546	66.272
NZ_JAELVP010000003.1	114808	115299	NZ_JAIEXF010000005.1	48034	47546	65.887
NZ_JAELVP010000003.1	113817	114173	NZ_JAIEXF010000005.1	47180	46824	66.398
NZ_JAELVP010000003.1	115069	115362	NZ_JAIEXF010000005.1	48037	47745	66.777
NZ_JAELVP010000003.1	114940	115299	NZ_JAIEXF010000005.1	48034	47677	66.15
NZ_JAOPKZ010000017.1	35247	38626	NZ_PZGB01000021.1	31291	34658	80.307
NZ_JAOPKZ010000017.1	34188	34476	NZ_PZGB01000021.1	28626	28914	70.707
NZ_JAOPKZ010000017.1	34188	34417	NZ_PZGB01000021.1	28757	28987	71.548
NZ_JAOPKZ010000017.1	34188	34476	NZ_PZGB01000021.1	28692	28980	69.463
NZ_JAOPKZ010000017.1	34175	34412	NZ_PZGB01000021.1	28876	29113	70.204
NZ_JAOPKZ010000017.1	34194	34476	NZ_PZGB01000021.1	28566	28848	68.919
NZ_JAOPKZ010000017.1	34314	34476	NZ_PZGB01000021.1	28622	28782	71.345
NZ_JAOPKZ010000017.1	34325	34411	NZ_PZGB01000021.1	28566	28652	78.261
NZ_JAOPKZ010000017.1	34188	34476	NZ_PZGB01000021.1	28823	29111	67.45
NZ_JAOPKZ010000017.1	34188	34345	NZ_PZGB01000021.1	28955	29112	71.084
NZ_JAOPKZ010000017.1	34188	34279	NZ_PZGB01000021.1	29020	29112	76.042
NZ_JAOPKZ010000017.1	35247	38629	NZ_JAIEXF010000005.1	50213	53585	73.296
NZ_JAOPKZ010000017.1	34188	34411	NZ_JAIEXF010000005.1	46956	47180	70.435
NZ_JAOPKZ010000017.1	34252	34476	NZ_JAIEXF010000005.1	46823	47047	68.103
NZ_JAOPKZ010000017.1	34188	34495	NZ_JAIEXF010000005.1	47549	47852	67.188
NZ_JAOPKZ010000017.1	34188	34476	NZ_JAIEXF010000005.1	47154	47443	67.55
NZ_JAOPKZ010000017.1	34188	34411	NZ_JAIEXF010000005.1	47022	47246	68.085
NZ_JAOPKZ010000017.1	34188	34411	NZ_JAIEXF010000005.1	47352	47575	68.487
NZ_JAOPKZ010000017.1	34188	34476	NZ_JAIEXF010000005.1	47483	47770	68.227
NZ_JAOPKZ010000017.1	34188	34476	NZ_JAIEXF010000005.1	47614	47901	66.445
NZ_JAOPKZ010000017.1	34190	34347	NZ_JAIEXF010000005.1	47090	47248	69.939
NZ_JAOPKZ010000017.1	34188	34345	NZ_JAIEXF010000005.1	46890	47048	70.552
NZ_JAOPKZ010000017.1	34188	34345	NZ_JAIEXF010000005.1	47418	47575	70.909
NZ_PZGB01000021.1	16027	24959	NZ_JAIEXF010000005.1	32899	41876	80.712
NZ_PZGB01000021.1	28566	34714	NZ_JAIEXF010000005.1	47489	53638	75.201
NZ_PZGB01000021.1	38570	40336	NZ_JAIEXF010000005.1	71687	73453	82.881
NZ_PZGB01000021.1	25247	27820	NZ_JAIEXF010000005.1	42214	44788	72.182
NZ_PZGB01000021.1	14684	15957	NZ_JAIEXF010000005.1	30298	31571	82.667
NZ_PZGB01000021.1	35121	36585	NZ_JAIEXF010000005.1	55062	56528	77.09
NZ_PZGB01000021.1	26760	27950	NZ_JAIEXF010000005.1	44857	46034	79.163
NZ_PZGB01000021.1	36680	37241	NZ_JAIEXF010000005.1	66614	67173	86.655
NZ_PZGB01000021.1	25447	26470	NZ_JAIEXF010000005.1	43728	44751	74.489
NZ_PZGB01000021.1	26902	27783	NZ_JAIEXF010000005.1	42556	43437	72.778
NZ_PZGB01000021.1	25457	26469	NZ_JAIEXF010000005.1	44867	45879	69.238
NZ_PZGB01000021.1	37284	38351	NZ_JAIEXF010000005.1	70375	71436	67.6
NZ_PZGB01000021.1	28129	29112	NZ_JAIEXF010000005.1	46310	47312	67.248
NZ_PZGB01000021.1	28617	29112	NZ_JAIEXF010000005.1	47343	47836	69.141
NZ_PZGB01000021.1	28566	29114	NZ_JAIEXF010000005.1	47358	47904	69.298
NZ_PZGB01000021.1	28617	29114	NZ_JAIEXF010000005.1	46881	47380	68.824
NZ_PZGB01000021.1	28617	28982	NZ_JAIEXF010000005.1	47671	48035	71.24
NZ_PZGB01000021.1	28566	29112	NZ_JAIEXF010000005.1	47160	47706	68.881
NZ_PZGB01000021.1	28566	29112	NZ_JAIEXF010000005.1	47226	47771	68.515
NZ_PZGB01000021.1	28566	29112	NZ_JAIEXF010000005.1	46962	47509	67.53
NZ_PZGB01000021.1	28566	29112	NZ_JAIEXF010000005.1	47424	47968	68.157
NZ_PZGB01000021.1	28616	29112	NZ_JAIEXF010000005.1	47144	47640	68.147
NZ_PZGB01000021.1	28566	29112	NZ_JAIEXF010000005.1	46896	47444	66.724
NZ_PZGB01000021.1	28694	29112	NZ_JAIEXF010000005.1	46760	47180	68.276
NZ_PZGB01000021.1	28617	29046	NZ_JAIEXF010000005.1	47605	48034	67.77
NZ_PZGB01000021.1	28617	28915	NZ_JAIEXF010000005.1	47736	48034	69.608
NZ_PZGB01000021.1	28566	28850	NZ_JAIEXF010000005.1	47751	48035	69.444
NZ_PZGB01000021.1	28814	29112	NZ_JAIEXF010000005.1	46815	47114	69.231
NZ_PZGB01000021.1	28617	28784	NZ_JAIEXF010000005.1	47867	48035	72.254
NZ_PZGB01000021.1	28880	29112	NZ_JAIEXF010000005.1	46815	47048	68.88
NZ_PZGB01000021.1	28946	29113	NZ_JAIEXF010000005.1	46815	46983	71.023
NZ_PZGB01000021.1	28566	28652	NZ_JAIEXF010000005.1	47948	48034	74.725
